155,214
155,213
155,212
155,211
155,210
155,209
155,208
155,207
155,206
155,205
155,204
155,203
155,202
155,201
155,200
155,199
155,198
155,197
155,196
155,86
155,85
155,84
155,83
155,82
155,81
155,80
155,79
155,78
155,77
155,76
155,75
155,74
155,73
155,72
155,71
155,70
155,69
155,68
155,278
155,277
155,276
155,275
155,274
155,273
155,272
155,271
155,270
155,269
155,268
155,267
155,266
155,265
155,264
155,263
155,262
155,261
155,260
155,259
155,258
155,257
155,256
155,195
155,194
155,193
155,192
155,150
155,149
155,148
155,147
155,146
155,145
155,144
155,143
155,142
155,141
155,140
155,139
33,76
33,75
33,74
155,138
155,137
155,136
155,135
33,73
33,72
33,71
33,70
155,134
155,133
155,132
155,131
155,130
155,129
155,128
33,69
33,68
33,67
33,66
33,65
33,64
33,36
155,67
33,35
155,66
155,65
33,34
33,33
155,64
155,63
155,62
155,61
155,60
155,59
33,14
33,13
33,12
33,11
33,10
155,58
155,57
155,56
155,55
155,54
155,53
155,52
33,9
33,8
33,7
33,6
33,5
33,19
155,51
155,50
155,49
33,32
33,31
33,30
155,48
155,47
33,29
33,28
155,46
155,45
33,27
33,26
155,44
155,43
155,42
155,41
